0,0,1,0.023640871047973633,
0,0,1,0.03170895576477051,
4,4,5,0.017164945602416992,
0,0,1,0.031198978424072266,
0,0,1,0.03679490089416504,
1,1,2,0.11972880363464355,
1,1,2,0.11955785751342773,
1,2,2,0.3443338871002197,
0,0,1,0.030864953994750977,
0,0,1,0.03795599937438965,
1,1,2,0.1176140308380127,
1,1,2,0.12064814567565918,
1,2,2,0.20459723472595215,
1,1,2,0.11898493766784668,
1,1,2,0.16992688179016113,
1,1,2,0.12360000610351562,
1,1,2,0.12126708030700684,
1,1,2,0.13814616203308105,
1,1,2,0.12222504615783691,
1,1,2,0.12089800834655762,
1,1,2,0.12054204940795898,
1,1,2,0.12305593490600586,
0,0,1,0.023591041564941406,
1,1,2,0.1172940731048584,
1,1,2,0.12175202369689941,
1,1,2,0.11761784553527832,
1,1,2,0.11765098571777344,
1,1,2,0.12155795097351074,
1,1,2,0.11707401275634766,
1,1,2,0.11954092979431152,
1,1,2,0.11636495590209961,
1,1,2,0.11748504638671875,
1,1,2,0.11951208114624023,
1,1,2,0.11643791198730469,
1,1,2,0.1186211109161377,
1,1,2,0.11785292625427246,
1,1,2,0.11818695068359375,
1,1,2,0.11725592613220215,
1,1,2,0.11832904815673828,
1,1,2,0.11966300010681152,
1,1,2,0.11756706237792969,
1,1,2,0.11508798599243164,
1,1,2,0.12006402015686035,
1,1,2,0.11764717102050781,
1,1,2,0.11681699752807617,
1,1,2,0.12272191047668457,
