1
1
1,2
2
2
2,3
3
3
3,4
4
4
4,5
5
5
5,6
6
6
6,7
7
7
7,8
8
8
8,9
9
9
9,10
10
10
10,11
11
11
11,12
12
12
12,13
13
13
13,14
14
14
14,15
15
15
15,16
16
16
16,17
17
17
17,18
18
18
18,19
19
19
19,20
20
20
20,21
21
21
21,22
22
22
22,23
23
23
23,24
24
24
25,1
25,2
25,3
25,4
25,5
25,6
25,7
25,8
25,9
25,10
25,11
25,12
25,13
25,14
25,15
25,16
25,17
25,18
25,19
25,20
25,21
25,22
25,23
25,24
26,1
26,2
26,3
26,4
26,5
26,6
26,7
26,8
26,9
26,10
26,11
26,12
26,13
26,14
26,15
26,16
26,17
26,18
26,19
26,20
26,21
26,22
26,23
26,24
27,1
27,2
27,3
27,4
27,5
27,6
27,7
27,8
27,9
27,10
27,11
27,12
27,13
27,14
27,15
27,16
27,17
27,18
27,19
27,20
27,21
27,22
27,23
27,24
28,1
28,2
28,3
28,4
28,5
28,6
28,7
28,8
28,9
28,10
28,11
28,12
28,13
28,14
28,15
28,16
28,17
28,18
28,19
28,20
28,21
28,22
28,23
28,24
25,1,2,3,4,5,6
25,1,2,3,4,5,6
26,7,8,9,10,11,12
26,7,8,9,10,11,12
27,13,14,15,16,17,18
27,13,14,15,16,17,18
28,19,20,21,22,23,24
28,19,20,21,22,23,24
29
29
29,30
30
30
30,31
31
31
31,32
32
32
32,33
33
33
33,34
34
34
34,35
35
35
35,36
36
36
36,37
37
37
38,29
38,30
38,31
38,32
38,33
38,34
38,35
38,36
38,37
39,29
39,30
39,31
39,32
39,33
39,34
39,35
39,36
39,37
40,29
40,30
40,31
40,32
40,33
40,34
40,35
40,36
40,37
41,29
41,30
41,31
41,32
41,33
41,34
41,35
41,36
41,37
42,29
42,30
42,31
42,32
42,33
42,34
42,35
42,36
42,37
43,29
43,30
43,31
43,32
43,33
43,34
43,35
43,36
43,37
44,29
44,30
44,31
44,32
44,33
44,34
44,35
44,36
44,37
45,29
45,30
45,31
45,32
45,33
45,34
45,35
45,36
45,37
46,29
46,30
46,31
46,32
46,33
46,34
46,35
46,36
46,37
38,29
38,29
39,30
39,30
40,31
40,31
41,32
41,32
42,33
42,33
43,34
43,34
44,35
44,35
45,36
45,36
46,37
46,37
25
25
25,26
26
26
26,27
27
27
27,28
28
28
25,26,27,28
25,26,27,28
47
47
47,48
48
48
48,49
49
49
50,47
50,48
50,49
51,47
51,48
51,49
52,47
52,48
52,49
50,47
50,47
51,48
51,48
52,49
52,49
53
53
53,54
54
54
54,55
55
55
55,56
56
56
56,57
57
57
57,58
58
58
58,59
59
59
59,60
60
60
60,61
61
61
61,62
62
62
62,63
63
63
63,64
64
64
64,65
65
65
65,66
66
66
66,67
67
67
67,68
68
68
68,69
69
69
69,70
70
70
38,53
38,54
38,55
38,56
38,57
38,58
38,59
38,60
38,61
38,62
38,63
38,64
38,65
38,66
38,67
38,68
38,69
38,70
39,53
39,54
39,55
39,56
39,57
39,58
39,59
39,60
39,61
39,62
39,63
39,64
39,65
39,66
39,67
39,68
39,69
39,70
40,53
40,54
40,55
40,56
40,57
40,58
40,59
40,60
40,61
40,62
40,63
40,64
40,65
40,66
40,67
40,68
40,69
40,70
41,53
41,54
41,55
41,56
41,57
41,58
41,59
41,60
41,61
41,62
41,63
41,64
41,65
41,66
41,67
41,68
41,69
41,70
42,53
42,54
42,55
42,56
42,57
42,58
42,59
42,60
42,61
42,62
42,63
42,64
42,65
42,66
42,67
42,68
42,69
42,70
43,53
43,54
43,55
43,56
43,57
43,58
43,59
43,60
43,61
43,62
43,63
43,64
43,65
43,66
43,67
43,68
43,69
43,70
44,53
44,54
44,55
44,56
44,57
44,58
44,59
44,60
44,61
44,62
44,63
44,64
44,65
44,66
44,67
44,68
44,69
44,70
45,53
45,54
45,55
45,56
45,57
45,58
45,59
45,60
45,61
45,62
45,63
45,64
45,65
45,66
45,67
45,68
45,69
45,70
46,53
46,54
46,55
46,56
46,57
46,58
46,59
46,60
46,61
46,62
46,63
46,64
46,65
46,66
46,67
46,68
46,69
46,70
38,53,54
38,53,54
39,55,56
39,55,56
40,57,58
40,57,58
41,59,60
41,59,60
42,61,62
42,61,62
43,63,64
43,63,64
44,65,66
44,65,66
45,67,68
45,67,68
46,69,70
46,69,70
50
50
50,51
51
51
51,52
52
52
50,51,52
50,51,52
71
71
71,72
72
72
72,73
73
73
73,74
74
74
74,75
75
75
75,76
76
76
76,77
77
77
77,78
78
78
78,79
79
79
80,71
80,72
80,73
80,74
80,75
80,76
80,77
80,78
80,79
81,71
81,72
81,73
81,74
81,75
81,76
81,77
81,78
81,79
82,71
82,72
82,73
82,74
82,75
82,76
82,77
82,78
82,79
83,71
83,72
83,73
83,74
83,75
83,76
83,77
83,78
83,79
84,71
84,72
84,73
84,74
84,75
84,76
84,77
84,78
84,79
85,71
85,72
85,73
85,74
85,75
85,76
85,77
85,78
85,79
86,71
86,72
86,73
86,74
86,75
86,76
86,77
86,78
86,79
87,71
87,72
87,73
87,74
87,75
87,76
87,77
87,78
87,79
88,71
88,72
88,73
88,74
88,75
88,76
88,77
88,78
88,79
80,71
80,71
81,72
81,72
82,73
82,73
83,74
83,74
84,75
84,75
85,76
85,76
86,77
86,77
87,78
87,78
88,79
88,79
89
89
89,90
90
90
89,90
89,90
91
91
91,92
92
92
92,93
93
93
93,94
94
94
94,95
95
95
95,96
96
96
96,97
97
97
97,98
98
98
98,99
99
99
80,91
80,92
80,93
80,94
80,95
80,96
80,97
80,98
80,99
81,91
81,92
81,93
81,94
81,95
81,96
81,97
81,98
81,99
82,91
82,92
82,93
82,94
82,95
82,96
82,97
82,98
82,99
83,91
83,92
83,93
83,94
83,95
83,96
83,97
83,98
83,99
84,91
84,92
84,93
84,94
84,95
84,96
84,97
84,98
84,99
85,91
85,92
85,93
85,94
85,95
85,96
85,97
85,98
85,99
86,91
86,92
86,93
86,94
86,95
86,96
86,97
86,98
86,99
87,91
87,92
87,93
87,94
87,95
87,96
87,97
87,98
87,99
88,91
88,92
88,93
88,94
88,95
88,96
88,97
88,98
88,99
80,91
80,91
81,92
81,92
82,93
82,93
83,94
83,94
84,95
84,95
85,96
85,96
86,97
86,97
87,98
87,98
88,99
88,99
91,100
92,101
93,102
94,103
95,104
96,105
97,106
98,107
99,108
109
109
109,110
110
110
110,111
111
111
111,112
112
112
112,113
113
113
113,114
114
114
114,115
115
115
115,116
116
116
116,117
117
117
117,118
118
118
118,119
119
119
119,120
120
120
120,121
121
121
121,122
122
122
122,123
123
123
123,124
124
124
124,125
125
125
125,126
126
126
38,109
38,110
38,111
38,112
38,113
38,114
38,115
38,116
38,117
38,118
38,119
38,120
38,121
38,122
38,123
38,124
38,125
38,126
39,109
39,110
39,111
39,112
39,113
39,114
39,115
39,116
39,117
39,118
39,119
39,120
39,121
39,122
39,123
39,124
39,125
39,126
40,109
40,110
40,111
40,112
40,113
40,114
40,115
40,116
40,117
40,118
40,119
40,120
40,121
40,122
40,123
40,124
40,125
40,126
41,109
41,110
41,111
41,112
41,113
41,114
41,115
41,116
41,117
41,118
41,119
41,120
41,121
41,122
41,123
41,124
41,125
41,126
42,109
42,110
42,111
42,112
42,113
42,114
42,115
42,116
42,117
42,118
42,119
42,120
42,121
42,122
42,123
42,124
42,125
42,126
43,109
43,110
43,111
43,112
43,113
43,114
43,115
43,116
43,117
43,118
43,119
43,120
43,121
43,122
43,123
43,124
43,125
43,126
44,109
44,110
44,111
44,112
44,113
44,114
44,115
44,116
44,117
44,118
44,119
44,120
44,121
44,122
44,123
44,124
44,125
44,126
45,109
45,110
45,111
45,112
45,113
45,114
45,115
45,116
45,117
45,118
45,119
45,120
45,121
45,122
45,123
45,124
45,125
45,126
46,109
46,110
46,111
46,112
46,113
46,114
46,115
46,116
46,117
46,118
46,119
46,120
46,121
46,122
46,123
46,124
46,125
46,126
38,109,110
38,109,110
39,111,112
39,111,112
40,113,114
40,113,114
41,115,116
41,115,116
42,117,118
42,117,118
43,119,120
43,119,120
44,121,122
44,121,122
45,123,124
45,123,124
46,125,126
46,125,126
127
127
127,128
128
128
128,129
129
129
129,130
130
130
130,131
131
131
131,132
132
132
132,133
133
133
133,134
134
134
134,135
135
135
135,136
136
136
136,137
137
137
137,138
138
138
138,139
139
139
139,140
140
140
140,141
141
141
141,142
142
142
142,143
143
143
143,144
144
144
144,145
145
145
145,146
146
146
146,147
147
147
147,148
148
148
148,149
149
149
149,150
150
150
150,151
151
151
151,152
152
152
152,153
153
153
153,154
154
154
154,155
155
155
155,156
156
156
156,157
157
157
157,158
158
158
158,159
159
159
159,160
160
160
160,161
161
161
161,162
162
162
163,127
163,128
163,129
163,130
163,131
163,132
163,133
163,134
163,135
163,136
163,137
163,138
163,139
163,140
163,141
163,142
163,143
163,144
163,145
163,146
163,147
163,148
163,149
163,150
163,151
163,152
163,153
163,154
163,155
163,156
163,157
163,158
163,159
163,160
163,161
163,162
164,127
164,128
164,129
164,130
164,131
164,132
164,133
164,134
164,135
164,136
164,137
164,138
164,139
164,140
164,141
164,142
164,143
164,144
164,145
164,146
164,147
164,148
164,149
164,150
164,151
164,152
164,153
164,154
164,155
164,156
164,157
164,158
164,159
164,160
164,161
164,162
165,127
165,128
165,129
165,130
165,131
165,132
165,133
165,134
165,135
165,136
165,137
165,138
165,139
165,140
165,141
165,142
165,143
165,144
165,145
165,146
165,147
165,148
165,149
165,150
165,151
165,152
165,153
165,154
165,155
165,156
165,157
165,158
165,159
165,160
165,161
165,162
166,127
166,128
166,129
166,130
166,131
166,132
166,133
166,134
166,135
166,136
166,137
166,138
166,139
166,140
166,141
166,142
166,143
166,144
166,145
166,146
166,147
166,148
166,149
166,150
166,151
166,152
166,153
166,154
166,155
166,156
166,157
166,158
166,159
166,160
166,161
166,162
167,127
167,128
167,129
167,130
167,131
167,132
167,133
167,134
167,135
167,136
167,137
167,138
167,139
167,140
167,141
167,142
167,143
167,144
167,145
167,146
167,147
167,148
167,149
167,150
167,151
167,152
167,153
167,154
167,155
167,156
167,157
167,158
167,159
167,160
167,161
167,162
168,127
168,128
168,129
168,130
168,131
168,132
168,133
168,134
168,135
168,136
168,137
168,138
168,139
168,140
168,141
168,142
168,143
168,144
168,145
168,146
168,147
168,148
168,149
168,150
168,151
168,152
168,153
168,154
168,155
168,156
168,157
168,158
168,159
168,160
168,161
168,162
169,127
169,128
169,129
169,130
169,131
169,132
169,133
169,134
169,135
169,136
169,137
169,138
169,139
169,140
169,141
169,142
169,143
169,144
169,145
169,146
169,147
169,148
169,149
169,150
169,151
169,152
169,153
169,154
169,155
169,156
169,157
169,158
169,159
169,160
169,161
169,162
170,127
170,128
170,129
170,130
170,131
170,132
170,133
170,134
170,135
170,136
170,137
170,138
170,139
170,140
170,141
170,142
170,143
170,144
170,145
170,146
170,147
170,148
170,149
170,150
170,151
170,152
170,153
170,154
170,155
170,156
170,157
170,158
170,159
170,160
170,161
170,162
171,127
171,128
171,129
171,130
171,131
171,132
171,133
171,134
171,135
171,136
171,137
171,138
171,139
171,140
171,141
171,142
171,143
171,144
171,145
171,146
171,147
171,148
171,149
171,150
171,151
171,152
171,153
171,154
171,155
171,156
171,157
171,158
171,159
171,160
171,161
171,162
172,127
172,128
172,129
172,130
172,131
172,132
172,133
172,134
172,135
172,136
172,137
172,138
172,139
172,140
172,141
172,142
172,143
172,144
172,145
172,146
172,147
172,148
172,149
172,150
172,151
172,152
172,153
172,154
172,155
172,156
172,157
172,158
172,159
172,160
172,161
172,162
173,127
173,128
173,129
173,130
173,131
173,132
173,133
173,134
173,135
173,136
173,137
173,138
173,139
173,140
173,141
173,142
173,143
173,144
173,145
173,146
173,147
173,148
173,149
173,150
173,151
173,152
173,153
173,154
173,155
173,156
173,157
173,158
173,159
173,160
173,161
173,162
174,127
174,128
174,129
174,130
174,131
174,132
174,133
174,134
174,135
174,136
174,137
174,138
174,139
174,140
174,141
174,142
174,143
174,144
174,145
174,146
174,147
174,148
174,149
174,150
174,151
174,152
174,153
174,154
174,155
174,156
174,157
174,158
174,159
174,160
174,161
174,162
175,127
175,128
175,129
175,130
175,131
175,132
175,133
175,134
175,135
175,136
175,137
175,138
175,139
175,140
175,141
175,142
175,143
175,144
175,145
175,146
175,147
175,148
175,149
175,150
175,151
175,152
175,153
175,154
175,155
175,156
175,157
175,158
175,159
175,160
175,161
175,162
176,127
176,128
176,129
176,130
176,131
176,132
176,133
176,134
176,135
176,136
176,137
176,138
176,139
176,140
176,141
176,142
176,143
176,144
176,145
176,146
176,147
176,148
176,149
176,150
176,151
176,152
176,153
176,154
176,155
176,156
176,157
176,158
176,159
176,160
176,161
176,162
177,127
177,128
177,129
177,130
177,131
177,132
177,133
177,134
177,135
177,136
177,137
177,138
177,139
177,140
177,141
177,142
177,143
177,144
177,145
177,146
177,147
177,148
177,149
177,150
177,151
177,152
177,153
177,154
177,155
177,156
177,157
177,158
177,159
177,160
177,161
177,162
178,127
178,128
178,129
178,130
178,131
178,132
178,133
178,134
178,135
178,136
178,137
178,138
178,139
178,140
178,141
178,142
178,143
178,144
178,145
178,146
178,147
178,148
178,149
178,150
178,151
178,152
178,153
178,154
178,155
178,156
178,157
178,158
178,159
178,160
178,161
178,162
179,127
179,128
179,129
179,130
179,131
179,132
179,133
179,134
179,135
179,136
179,137
179,138
179,139
179,140
179,141
179,142
179,143
179,144
179,145
179,146
179,147
179,148
179,149
179,150
179,151
179,152
179,153
179,154
179,155
179,156
179,157
179,158
179,159
179,160
179,161
179,162
180,127
180,128
180,129
180,130
180,131
180,132
180,133
180,134
180,135
180,136
180,137
180,138
180,139
180,140
180,141
180,142
180,143
180,144
180,145
180,146
180,147
180,148
180,149
180,150
180,151
180,152
180,153
180,154
180,155
180,156
180,157
180,158
180,159
180,160
180,161
180,162
181,127
181,128
181,129
181,130
181,131
181,132
181,133
181,134
181,135
181,136
181,137
181,138
181,139
181,140
181,141
181,142
181,143
181,144
181,145
181,146
181,147
181,148
181,149
181,150
181,151
181,152
181,153
181,154
181,155
181,156
181,157
181,158
181,159
181,160
181,161
181,162
182,127
182,128
182,129
182,130
182,131
182,132
182,133
182,134
182,135
182,136
182,137
182,138
182,139
182,140
182,141
182,142
182,143
182,144
182,145
182,146
182,147
182,148
182,149
182,150
182,151
182,152
182,153
182,154
182,155
182,156
182,157
182,158
182,159
182,160
182,161
182,162
183,127
183,128
183,129
183,130
183,131
183,132
183,133
183,134
183,135
183,136
183,137
183,138
183,139
183,140
183,141
183,142
183,143
183,144
183,145
183,146
183,147
183,148
183,149
183,150
183,151
183,152
183,153
183,154
183,155
183,156
183,157
183,158
183,159
183,160
183,161
183,162
184,127
184,128
184,129
184,130
184,131
184,132
184,133
184,134
184,135
184,136
184,137
184,138
184,139
184,140
184,141
184,142
184,143
184,144
184,145
184,146
184,147
184,148
184,149
184,150
184,151
184,152
184,153
184,154
184,155
184,156
184,157
184,158
184,159
184,160
184,161
184,162
185,127
185,128
185,129
185,130
185,131
185,132
185,133
185,134
185,135
185,136
185,137
185,138
185,139
185,140
185,141
185,142
185,143
185,144
185,145
185,146
185,147
185,148
185,149
185,150
185,151
185,152
185,153
185,154
185,155
185,156
185,157
185,158
185,159
185,160
185,161
185,162
186,127
186,128
186,129
186,130
186,131
186,132
186,133
186,134
186,135
186,136
186,137
186,138
186,139
186,140
186,141
186,142
186,143
186,144
186,145
186,146
186,147
186,148
186,149
186,150
186,151
186,152
186,153
186,154
186,155
186,156
186,157
186,158
186,159
186,160
186,161
186,162
187,127
187,128
187,129
187,130
187,131
187,132
187,133
187,134
187,135
187,136
187,137
187,138
187,139
187,140
187,141
187,142
187,143
187,144
187,145
187,146
187,147
187,148
187,149
187,150
187,151
187,152
187,153
187,154
187,155
187,156
187,157
187,158
187,159
187,160
187,161
187,162
188,127
188,128
188,129
188,130
188,131
188,132
188,133
188,134
188,135
188,136
188,137
188,138
188,139
188,140
188,141
188,142
188,143
188,144
188,145
188,146
188,147
188,148
188,149
188,150
188,151
188,152
188,153
188,154
188,155
188,156
188,157
188,158
188,159
188,160
188,161
188,162
189,127
189,128
189,129
189,130
189,131
189,132
189,133
189,134
189,135
189,136
189,137
189,138
189,139
189,140
189,141
189,142
189,143
189,144
189,145
189,146
189,147
189,148
189,149
189,150
189,151
189,152
189,153
189,154
189,155
189,156
189,157
189,158
189,159
189,160
189,161
189,162
190,127
190,128
190,129
190,130
190,131
190,132
190,133
190,134
190,135
190,136
190,137
190,138
190,139
190,140
190,141
190,142
190,143
190,144
190,145
190,146
190,147
190,148
190,149
190,150
190,151
190,152
190,153
190,154
190,155
190,156
190,157
190,158
190,159
190,160
190,161
190,162
191,127
191,128
191,129
191,130
191,131
191,132
191,133
191,134
191,135
191,136
191,137
191,138
191,139
191,140
191,141
191,142
191,143
191,144
191,145
191,146
191,147
191,148
191,149
191,150
191,151
191,152
191,153
191,154
191,155
191,156
191,157
191,158
191,159
191,160
191,161
191,162
192,127
192,128
192,129
192,130
192,131
192,132
192,133
192,134
192,135
192,136
192,137
192,138
192,139
192,140
192,141
192,142
192,143
192,144
192,145
192,146
192,147
192,148
192,149
192,150
192,151
192,152
192,153
192,154
192,155
192,156
192,157
192,158
192,159
192,160
192,161
192,162
193,127
193,128
193,129
193,130
193,131
193,132
193,133
193,134
193,135
193,136
193,137
193,138
193,139
193,140
193,141
193,142
193,143
193,144
193,145
193,146
193,147
193,148
193,149
193,150
193,151
193,152
193,153
193,154
193,155
193,156
193,157
193,158
193,159
193,160
193,161
193,162
194,127
194,128
194,129
194,130
194,131
194,132
194,133
194,134
194,135
194,136
194,137
194,138
194,139
194,140
194,141
194,142
194,143
194,144
194,145
194,146
194,147
194,148
194,149
194,150
194,151
194,152
194,153
194,154
194,155
194,156
194,157
194,158
194,159
194,160
194,161
194,162
195,127
195,128
195,129
195,130
195,131
195,132
195,133
195,134
195,135
195,136
195,137
195,138
195,139
195,140
195,141
195,142
195,143
195,144
195,145
195,146
195,147
195,148
195,149
195,150
195,151
195,152
195,153
195,154
195,155
195,156
195,157
195,158
195,159
195,160
195,161
195,162
196,127
196,128
196,129
196,130
196,131
196,132
196,133
196,134
196,135
196,136
196,137
196,138
196,139
196,140
196,141
196,142
196,143
196,144
196,145
196,146
196,147
196,148
196,149
196,150
196,151
196,152
196,153
196,154
196,155
196,156
196,157
196,158
196,159
196,160
196,161
196,162
197,127
197,128
197,129
197,130
197,131
197,132
197,133
197,134
197,135
197,136
197,137
197,138
197,139
197,140
197,141
197,142
197,143
197,144
197,145
197,146
197,147
197,148
197,149
197,150
197,151
197,152
197,153
197,154
197,155
197,156
197,157
197,158
197,159
197,160
197,161
197,162
198,127
198,128
198,129
198,130
198,131
198,132
198,133
198,134
198,135
198,136
198,137
198,138
198,139
198,140
198,141
198,142
198,143
198,144
198,145
198,146
198,147
198,148
198,149
198,150
198,151
198,152
198,153
198,154
198,155
198,156
198,157
198,158
198,159
198,160
198,161
198,162
163,127
163,127
164,128
164,128
165,129
165,129
166,130
166,130
167,131
167,131
168,132
168,132
169,133
169,133
170,134
170,134
171,135
171,135
172,136
172,136
173,137
173,137
174,138
174,138
175,139
175,139
176,140
176,140
177,141
177,141
178,142
178,142
179,143
179,143
180,144
180,144
181,145
181,145
182,146
182,146
183,147
183,147
184,148
184,148
185,149
185,149
186,150
186,150
187,151
187,151
188,152
188,152
189,153
189,153
190,154
190,154
191,155
191,155
192,156
192,156
193,157
193,157
194,158
194,158
195,159
195,159
196,160
196,160
197,161
197,161
198,162
198,162
199
199
199,200
200
200
89,199
89,200
90,199
90,200
89,199
89,199
90,200
90,200
38
38
38,39
39
39
39,40
40
40
40,41
41
41
41,42
42
42
42,43
43
43
43,44
44
44
44,45
45
45
45,46
46
46
80,38
80,39
80,40
80,41
80,42
80,43
80,44
80,45
80,46
81,38
81,39
81,40
81,41
81,42
81,43
81,44
81,45
81,46
82,38
82,39
82,40
82,41
82,42
82,43
82,44
82,45
82,46
83,38
83,39
83,40
83,41
83,42
83,43
83,44
83,45
83,46
84,38
84,39
84,40
84,41
84,42
84,43
84,44
84,45
84,46
85,38
85,39
85,40
85,41
85,42
85,43
85,44
85,45
85,46
86,38
86,39
86,40
86,41
86,42
86,43
86,44
86,45
86,46
87,38
87,39
87,40
87,41
87,42
87,43
87,44
87,45
87,46
88,38
88,39
88,40
88,41
88,42
88,43
88,44
88,45
88,46
80,38
80,38
81,39
81,39
82,40
82,40
83,41
83,41
84,42
84,42
85,43
85,43
86,44
86,44
87,45
87,45
88,46
88,46
163
163
163,164
164
164
164,165
165
165
165,166
166
166
166,167
167
167
167,168
168
168
168,169
169
169
169,170
170
170
170,171
171
171
171,172
172
172
172,173
173
173
173,174
174
174
174,175
175
175
175,176
176
176
176,177
177
177
177,178
178
178
178,179
179
179
179,180
180
180
180,181
181
181
181,182
182
182
182,183
183
183
183,184
184
184
184,185
185
185
185,186
186
186
186,187
187
187
187,188
188
188
188,189
189
189
189,190
190
190
190,191
191
191
191,192
192
192
192,193
193
193
193,194
194
194
194,195
195
195
195,196
196
196
196,197
197
197
197,198
198
198
80,163
80,164
80,165
80,166
80,167
80,168
80,169
80,170
80,171
80,172
80,173
80,174
80,175
80,176
80,177
80,178
80,179
80,180
80,181
80,182
80,183
80,184
80,185
80,186
80,187
80,188
80,189
80,190
80,191
80,192
80,193
80,194
80,195
80,196
80,197
80,198
81,163
81,164
81,165
81,166
81,167
81,168
81,169
81,170
81,171
81,172
81,173
81,174
81,175
81,176
81,177
81,178
81,179
81,180
81,181
81,182
81,183
81,184
81,185
81,186
81,187
81,188
81,189
81,190
81,191
81,192
81,193
81,194
81,195
81,196
81,197
81,198
82,163
82,164
82,165
82,166
82,167
82,168
82,169
82,170
82,171
82,172
82,173
82,174
82,175
82,176
82,177
82,178
82,179
82,180
82,181
82,182
82,183
82,184
82,185
82,186
82,187
82,188
82,189
82,190
82,191
82,192
82,193
82,194
82,195
82,196
82,197
82,198
83,163
83,164
83,165
83,166
83,167
83,168
83,169
83,170
83,171
83,172
83,173
83,174
83,175
83,176
83,177
83,178
83,179
83,180
83,181
83,182
83,183
83,184
83,185
83,186
83,187
83,188
83,189
83,190
83,191
83,192
83,193
83,194
83,195
83,196
83,197
83,198
84,163
84,164
84,165
84,166
84,167
84,168
84,169
84,170
84,171
84,172
84,173
84,174
84,175
84,176
84,177
84,178
84,179
84,180
84,181
84,182
84,183
84,184
84,185
84,186
84,187
84,188
84,189
84,190
84,191
84,192
84,193
84,194
84,195
84,196
84,197
84,198
85,163
85,164
85,165
85,166
85,167
85,168
85,169
85,170
85,171
85,172
85,173
85,174
85,175
85,176
85,177
85,178
85,179
85,180
85,181
85,182
85,183
85,184
85,185
85,186
85,187
85,188
85,189
85,190
85,191
85,192
85,193
85,194
85,195
85,196
85,197
85,198
86,163
86,164
86,165
86,166
86,167
86,168
86,169
86,170
86,171
86,172
86,173
86,174
86,175
86,176
86,177
86,178
86,179
86,180
86,181
86,182
86,183
86,184
86,185
86,186
86,187
86,188
86,189
86,190
86,191
86,192
86,193
86,194
86,195
86,196
86,197
86,198
87,163
87,164
87,165
87,166
87,167
87,168
87,169
87,170
87,171
87,172
87,173
87,174
87,175
87,176
87,177
87,178
87,179
87,180
87,181
87,182
87,183
87,184
87,185
87,186
87,187
87,188
87,189
87,190
87,191
87,192
87,193
87,194
87,195
87,196
87,197
87,198
88,163
88,164
88,165
88,166
88,167
88,168
88,169
88,170
88,171
88,172
88,173
88,174
88,175
88,176
88,177
88,178
88,179
88,180
88,181
88,182
88,183
88,184
88,185
88,186
88,187
88,188
88,189
88,190
88,191
88,192
88,193
88,194
88,195
88,196
88,197
88,198
80,163,164,165,166
80,163,164,165,166
81,167,168,169,170
81,167,168,169,170
82,171,172,173,174
82,171,172,173,174
83,175,176,177,178
83,175,176,177,178
84,179,180,181,182
84,179,180,181,182
85,183,184,185,186
85,183,184,185,186
86,187,188,189,190
86,187,188,189,190
87,191,192,193,194
87,191,192,193,194
88,195,196,197,198
88,195,196,197,198
80
80
81
81
82
82
83
83
84
84
85
85
86
86
87
87
88
88
80,81,82,83,84,85,86,87,88
80,81,82,83,84,85,86,87,88
80,25
25,80
81,26
26,81
82,27
27,82
83,28
28,83
84,50
50,84
85,51
51,85
86,52
52,86
87,89
89,87
88,90
90,88
