1,1,2,0.010802030563354492,
18,27,19,3.2473931312561035,
1,2,2,0.2935769557952881,
1,1,2,0.010636091232299805,
18,27,19,3.4966301918029785,
1,2,2,0.3023710250854492,
1,1,2,0.01125788688659668,
18,27,19,3.3774681091308594,
1,2,2,0.2605130672454834,
1,1,2,0.017152070999145508,
18,29,19,5.054261922836304,
1,2,2,0.37470388412475586,
1,1,2,0.012862920761108398,
18,27,19,3.6148059368133545,
1,2,2,0.28261804580688477,
1,1,2,0.010704994201660156,
18,27,19,3.242971897125244,
1,2,2,0.24638009071350098,
1,1,2,0.010252952575683594,
1,1,2,0.010351896286010742,
18,26,19,3.39172101020813,
1,2,2,0.42853617668151855,
1,1,2,0.011181116104125977,
18,26,19,4.171309947967529,
1,2,2,0.4121711254119873,
1,1,2,0.010152101516723633,
18,26,19,4.0014989376068115,
1,2,2,0.3717620372772217,
1,1,2,0.01011800765991211,
18,30,19,3.562746047973633,
1,2,2,0.2462611198425293,
1,1,2,0.028144121170043945,
18,30,19,4.874796152114868,
1,2,2,0.5125079154968262,
1,1,2,0.01934194564819336,
1,1,2,0.014987945556640625,
18,26,19,8.553858041763306,
18,26,19,7.614418983459473,
1,2,2,0.47220396995544434,
1,2,2,0.43039417266845703,
1,1,2,0.010010004043579102,
18,26,19,3.7968709468841553,
1,2,2,0.38156890869140625,
1,1,2,0.18939208984375,
1,1,2,0.19742703437805176,
0,0,1,0.04261207580566406,
